0 0.9255 0.06675 0.146333333333 0.025
0 0.592916666667 0.101875 0.192833333333 0.04875
0 0.329 0.4485 0.0566666666667 0.109
0 0.486833333333 0.452625 0.05 0.10725
0 0.04575 0.50375 0.0915 0.0355
0 0.737166666667 0.5685 0.192666666667 0.142
0 0.9275 0.534375 0.087 0.06175
0 0.968 0.536375 0.064 0.06275
0 0.425166666667 0.59725 0.107333333333 0.142
0 0.358583333333 0.768375 0.179833333333 0.05475
0 0.0788333333333 0.8575 0.087 0.179
0 0.511416666667 0.894625 0.0628333333333 0.16425
0 0.0149166666667 0.908625 0.0298333333333 0.13325
